$ANSIBLE_VAULT;1.1;AES256
31323138373339323935333965386363636637333330313239316332346465393531623830353566
6633333332653066363334343130666465666239393233370a373835363232303636626532383236
33376334333064633339663165323030306135346565656130366636343661373033343737363237
6432363037616631380a383334303933363733313363623334313432643835646234646533643034
39613335626631316161633062663861303438386462366364623665636636316332303735383134
33663430663066326633626361653237393432363632643333633539663637303635326133633164
65633130376637333331643766663933323137336139313264303965633166376134383439343037
39306466633163663262393834643566386361316266316562613530636565613364306330393331
65663237336532643136356433613936646163633232623237353634363864646566396536656137
62393663373763666662313736343165623165666131336134386631373737653038663734393166
37656338393136376162393531623661373735396239633531333362373065353430353636643138
33613939656163323764613432376163646263343931323862363535646465313635653065346361
3930
